.Random.seed <-
c(403L, 10L, 1698294019L, 1278772370L, -926311900L, 1021297895L, 
911907133L, -676123212L, -1788710374L, -1715906203L, -2109528065L, 
1115266694L, -1382119920L, 1469103283L, -1880697007L, 1717754624L, 
-1088110114L, -1620637143L, -33994277L, -1662486806L, 1691038860L, 
985037775L, -1170041979L, -1414807492L, -980954862L, 1342354957L, 
-1880488633L, -1015967954L, -1614413176L, -1656740981L, -462326935L, 
1266003256L, -2067914778L, -443787391L, -904630509L, -145221438L, 
-1521454220L, 1653251959L, 185092205L, -1846663420L, -772540886L, 
956627861L, -259735505L, -584533706L, -1771562656L, 1697290147L, 
46186689L, 677187760L, 1474060238L, -911051975L, 965385035L, 
916566266L, -513947140L, -2041615809L, -1799184619L, 2006469676L, 
-1893673726L, -511361571L, -901931817L, 1724680126L, -397987336L, 
1671153115L, -1879495623L, -654746232L, -2126595786L, 1840489329L, 
-1327021661L, 866458866L, -964861884L, 333894407L, -1992293667L, 
-1089074220L, 562744058L, 267472453L, 989083295L, -100881370L, 
2091206832L, 645960019L, 1148103793L, 1201484192L, -1121137346L, 
771820617L, -118060805L, 1999167690L, -2104617428L, -1306998225L, 
1968751333L, -76892260L, 1411621362L, -1113846675L, 287808935L, 
-119846962L, -2046081752L, -1540425941L, -1544585911L, -109682088L, 
117455622L, -1522182431L, 1162232435L, 923101922L, -1763240364L, 
-672194729L, -318467251L, -411642140L, -329656630L, 1254823733L, 
-140272241L, 1058232982L, -1686425024L, -719670525L, 1974051617L, 
-2056174576L, 1211589614L, -1211673703L, 160803883L, 244439322L, 
1760156636L, 405806559L, -969897547L, 671893324L, 1963015586L, 
1584180477L, -493768201L, 9813790L, 235184600L, -1576674501L, 
-2013319975L, -1296703384L, 837928342L, 27770129L, -1002107197L, 
268422866L, 980866916L, 1913850535L, -1109863427L, -1886001676L, 
673325786L, 1485804581L, 325392703L, -1290821946L, -1196330160L, 
-1597011085L, -151413359L, 1317175232L, 957110686L, -1879620759L, 
1300961179L, -2124235094L, -2051860276L, 879323535L, 1540955589L, 
2074558844L, -1596337710L, 234384717L, 798085127L, -1137983506L, 
141231816L, 2036234699L, 1539861545L, 661666424L, -1682495578L, 
-1671646783L, 494265939L, -1997492990L, 282156084L, -481526345L, 
-857534035L, 1333998276L, 1074898666L, -1197438635L, 1603346159L, 
-1530372874L, -1299821536L, -173617693L, -1967313279L, -1858991888L, 
-1392212082L, 1337014521L, 1440588427L, -1775918406L, -1636954692L, 
-395757825L, 71940693L, -46138004L, -1476299326L, -1027623395L, 
74886807L, 1510516734L, 1376531384L, -1560498277L, 918779385L, 
956822856L, -788496266L, -806457935L, -1753984029L, 303042738L, 
1067842820L, -315089337L, -2103383779L, -602806380L, -511743174L, 
-1507657851L, -1790401441L, 1935814374L, -1281895056L, -2122113389L, 
713189169L, -1225007648L, -744191362L, -37480183L, 607566651L, 
418779914L, -602260756L, 1077065583L, 2119366821L, -137498020L, 
1746534962L, 725231917L, -1073238041L, 879843086L, -1531082520L, 
-1955685653L, -1805667447L, 1934216984L, -823512506L, 51966625L, 
-1547012813L, 1870367906L, 45441940L, 890830706L, -1172078288L, 
-1598771420L, -1725758152L, 1546033882L, 466831248L, -2039229700L, 
1268674452L, -1488033726L, -1291625216L, -884609988L, -1562620592L, 
-455993182L, -1465469112L, -302835956L, 637405916L, -1405095086L, 
1271239296L, 690796628L, -757855256L, -2063386886L, 282364240L, 
-286047444L, -1022474380L, -242318446L, 1112864352L, -1497477236L, 
1779069792L, -178927646L, -1637367896L, -1453351732L, 1223544316L, 
-266892366L, 571206128L, -334878268L, -718823080L, 1523475834L, 
838193584L, -1533169732L, -1651765164L, -284376126L, 1747657760L, 
-1837597508L, -1072981424L, 1274347490L, -193202584L, 1096587852L, 
69009660L, 735088626L, -163447552L, -254879884L, 916684808L, 
-1415477830L, -1946763824L, -1435196436L, 488038292L, -1726686254L, 
-932571296L, -430570164L, -491049696L, -216677502L, 5413608L, 
-1786403604L, -862983620L, -1672639630L, -1857050000L, -221104092L, 
-89602248L, -1433277286L, 1617089232L, 223781052L, -556444012L, 
1118692994L, 1601060032L, 518877500L, -1480191856L, 609675810L, 
-1335884280L, -1529167604L, -1546521956L, -2084499950L, -367424128L, 
-224223724L, 1977325096L, 1148511546L, 606291920L, 1194857068L, 
209676084L, 1269596818L, 283203936L, -1595297460L, 598511584L, 
-1431257182L, 33478568L, 1610034060L, 645179068L, 1843891058L, 
-1479943952L, -1643169724L, 347348312L, -1427123142L, 805184368L, 
-1596062660L, -759969004L, -1104336446L, -1130323744L, -1374300292L, 
1556061904L, 1017464482L, 268928040L, 366266636L, 118535100L, 
645840178L, -1213554752L, 200675892L, -2035950648L, -925350726L, 
-1092612208L, 1744270828L, -1101676460L, -754467182L, -1161135328L, 
2094869964L, 1802197984L, -2051669310L, 296819240L, 397450924L, 
-677449028L, -265170446L, -2031466192L, 1611009188L, -1470954824L, 
-1232671910L, 224890256L, 364818812L, -1677685484L, 542615874L, 
688751360L, -540992580L, 1250114384L, -1266187998L, -1800413880L, 
1106901004L, 562509916L, 1468769490L, 1452886016L, -596903084L, 
-189455896L, 591140858L, -645753136L, -1177950932L, -1923512076L, 
348637074L, 1604025440L, 512490764L, -1696577824L, 45964642L, 
-1176714584L, -1510811060L, 747583356L, 1103489842L, 653377136L, 
1667513668L, 98925528L, -308948870L, -2092718544L, 1062668988L, 
1325819732L, 1153489474L, 837069728L, -356611908L, 1621303760L, 
-1142241950L, 780129256L, -86804532L, -1445382404L, 2094649330L, 
1891556480L, -1481778956L, 2039477384L, 824534330L, 1254212432L, 
-2020340628L, 1882800276L, 614570322L, -1292779808L, 2146005196L, 
1401157792L, 1349302658L, -1800619800L, -374310676L, 202782780L, 
-1532297102L, -1078073232L, 713310756L, 367657528L, -1591735782L, 
433942736L, -942836164L, 436915348L, -1195420542L, -1110538304L, 
-1373360836L, 2106465936L, 182727714L, 415764488L, -1366156148L, 
94339100L, 917800082L, -1362154368L, -1034509292L, -1621105880L, 
1319023674L, 1859726544L, 514331756L, -1674692940L, -1859993582L, 
-51970080L, -328209460L, 817896928L, -1281668062L, -1289349848L, 
-842761972L, -1421914564L, -1320893198L, -1149298448L, 932484932L, 
-1770007235L, -1427432185L, 91684080L, -2044075890L, -1976296773L, 
115503773L, 173885002L, 1213230184L, 946742353L, -1284108477L, 
1999510084L, -1553868558L, 651601095L, -90136943L, 1544757270L, 
2099333748L, 1954548997L, 915063631L, -2124477112L, -1236926234L, 
580589075L, 295192949L, 1202146642L, -308666976L, 1488669833L, 
1121205435L, 1140616972L, 191071898L, 890035215L, -919758759L, 
1645024494L, 147836796L, 1053015021L, 747766935L, 448450400L, 
-61167810L, -1693345781L, 1358708877L, 2144565690L, -771819528L, 
1131885473L, 1081855315L, 1164444788L, -736922110L, -1699010409L, 
-580396447L, -578776410L, 888847012L, -1702457515L, -452979713L, 
438842008L, 1942149046L, 1787616323L, -407923323L, 1102745122L, 
1090647312L, 371578041L, -1295697557L, 1861736540L, -810232438L, 
1946792319L, 1724853449L, 673616222L, -738065908L, 64513501L, 
-116425497L, 917637392L, -409159634L, 2131410651L, 401594301L, 
-1090588374L, -245631544L, -314234127L, 195765347L, -1151483804L, 
-1624077422L, -543203225L, -282050511L, 281039222L, -1073480044L, 
2131866789L, -85349969L, 234386024L, 1318087238L, -916131853L, 
2004217685L, -1790439118L, 1211741440L, -2060270103L, 385708123L, 
33620652L, 1986059450L, 462184047L, 720079865L, -186412402L, 
1889862492L, -1514074163L, -390033609L, 481357248L, 1944670878L, 
560761707L, 188330733L, 1577527130L, -1983972328L, 1799956865L, 
-734167245L, 1568773460L, 1447247714L, -1483181065L, 1378483265L, 
-547309370L, 1645905412L, -588688971L, -1928368481L, -948060424L, 
-1193794858L, 947255139L, -2085531867L, -974076734L, -296054352L, 
1063135705L, -2108045493L, -1365258820L, 169893354L, 1657989663L, 
76284073L, -125835202L, -1631074004L, 1764909949L, -590005817L, 
-1752187728L, -479167794L, 527773691L, 1067628637L, -306020470L, 
-1361432664L, -1890794223L, 1168817155L, 971650820L, 1885223730L, 
1911519623L, -1309859887L, -1543384746L, 1014697780L, -944524731L, 
